Velocities using old values UT in RVcorrect:
##   HJD          VOBS   VHELIO     VLSR   VDIURNAL   VLUNAR  VANNUAL   VSOLAR
2455670.43054     0.00   -26.88   -29.53     -0.171    0.010  -26.724   -2.649
2455670.43719     0.00   -29.58   -37.98     -0.233    0.012  -29.362   -8.396
2455670.45073     0.00   -26.78   -29.01     -0.183    0.010  -26.604   -2.237
2455670.47274     0.00     0.43    12.98      0.248    0.002    0.181   12.551
2455670.48527     0.00   -10.85    -1.89      0.086    0.006  -10.944    8.960
2455670.49855     0.00    -4.34    10.26      0.148    0.003   -4.490   14.596
2455670.50835     0.00     0.34    12.89      0.175    0.002    0.165   12.551
2455670.51689     0.00   -25.35   -27.98     -0.234    0.011  -25.130   -2.623
2455670.52609     0.00   -25.37   -27.99     -0.250    0.011  -25.132   -2.623
2455670.54500     0.00     3.94    22.06      0.190   -0.001    3.755   18.119
2455670.55683     0.00   -10.71    -0.44     -0.052    0.006  -10.667   10.278
2455670.56721     0.00     0.18    12.73      0.036    0.003    0.139   12.551
2455670.57601     0.00    -9.66    -0.28     -0.098    0.006   -9.566    9.379
2455670.63406     0.00    18.47    38.20      0.199   -0.006   18.281   19.731
2455670.64143     0.00     9.02    27.81      0.164   -0.004    8.858   18.796
2455670.65656     0.00    -0.07    12.48     -0.177    0.003    0.099   12.551
2455670.65807     0.00     3.76    21.88      0.023   -0.001    3.736   18.119
2455670.66506     0.00     6.49    25.22      0.012   -0.002    6.484   18.725
2455670.66918     0.00    10.30    29.58      0.118   -0.004   10.181   19.284
2455670.67341     0.00     8.97    27.77      0.119   -0.004    8.857   18.796
2455670.68549     0.00    10.40    29.81      0.081   -0.004   10.323   19.408
2455670.69416     0.00    10.38    29.79      0.065   -0.004   10.322   19.408
2455670.70698     0.00     7.17    26.11     -0.054   -0.002    7.224   18.939
2455670.71270     0.00     3.66    21.78     -0.067   -0.001    3.728   18.119
2455670.71714     0.00     8.90    27.70      0.049   -0.004    8.856   18.796
2455670.73515     0.00    -2.22    13.15     -0.233    0.002   -1.986   15.363

Now using the correct value of UT mid in RV correct
##   HJD          VOBS   VHELIO     VLSR   VDIURNAL   VLUNAR  VANNUAL   VSOLAR
2455670.43059     0.00   -26.88   -29.53     -0.171    0.010  -26.724   -2.649
2455670.43800     0.00   -29.58   -37.98     -0.234    0.012  -29.362   -8.396
2455670.45420     0.00   -26.78   -29.02     -0.188    0.010  -26.604   -2.237
2455670.47309     0.00     0.43    12.98      0.248    0.002    0.180   12.551
2455670.48603     0.00   -10.85    -1.89      0.084    0.006  -10.944    8.960
2455670.49936     0.00    -4.34    10.26      0.147    0.003   -4.490   14.596
2455670.50870     0.00     0.34    12.89      0.174    0.002    0.165   12.551
2455670.52094     0.00   -25.36   -27.98     -0.241    0.011  -25.131   -2.623
2455670.53014     0.00   -25.38   -28.00     -0.257    0.011  -25.133   -2.623
2455670.54581     0.00     3.94    22.06      0.189   -0.001    3.754   18.119
2455670.55943     0.00   -10.72    -0.44     -0.058    0.006  -10.668   10.278
2455670.56756     0.00     0.18    12.73      0.036    0.003    0.139   12.551
2455670.58076     0.00    -9.67    -0.29     -0.109    0.006   -9.568    9.379
2455670.63649     0.00    18.47    38.20      0.194   -0.006   18.280   19.731
2455670.64490     0.00     9.01    27.81      0.159   -0.004    8.858   18.796
2455670.65690     0.00    -0.08    12.48     -0.177    0.003    0.099   12.551
2455670.65888     0.00     3.76    21.88      0.022   -0.001    3.736   18.119
2455670.66640     0.00     6.49    25.22      0.009   -0.002    6.484   18.725
2455670.66924     0.00    10.30    29.58      0.118   -0.004   10.181   19.284
2455670.67688     0.00     8.97    27.76      0.113   -0.004    8.857   18.796
2455670.68931     0.00    10.39    29.80      0.074   -0.004   10.322   19.408
2455670.69798     0.00    10.38    29.78      0.059   -0.004   10.321   19.408
2455670.70837     0.00     7.16    26.10     -0.057   -0.002    7.223   18.939
2455670.71352     0.00     3.66    21.78     -0.069   -0.001    3.727   18.119
2455670.72061     0.00     8.90    27.69      0.044   -0.004    8.855   18.796
2455670.73596     0.00    -2.22    13.14     -0.234    0.002   -1.987   15.363

The difference is pretty small! Don't worry about doing the FXCOR again, just update the HJD values
in the files and then update the values in the database also
